Values for each year in succession of the L85 lambda, clear-sky SW component, SW cloud feedback, clear-sky LW component and LW cloud feedback
     -1.35897     -1.32689     -1.25978     -1.24923     -1.17655     -1.21893     -1.27881     -1.19834     -1.18237     -1.27435
     0.334436     0.330343     0.339690     0.345440     0.356903     0.378745     0.341637     0.387575     0.371559     0.345676
      1.11468      1.17208      1.12325      1.18901      1.10892      1.17839      1.14988      1.11471      1.12576      1.16325
     -2.13922     -2.14180     -2.09678     -2.11397     -2.06187     -2.08775     -2.11674     -2.07393     -2.04917     -2.11472
    -0.668868    -0.687513    -0.625939    -0.669706    -0.580499    -0.688324    -0.653595    -0.626695    -0.630524    -0.668549
The same but for L242
     -1.31408     -1.33455     -1.26206     -1.33566     -1.30515     -1.29550     -1.22482     -1.25277     -1.20435     -1.32854
     0.344260     0.305880     0.338616     0.330519     0.325579     0.344353     0.346585     0.331884     0.360654     0.370162
      1.05126      1.08484      1.10313      1.09088      1.07888      1.06470      1.09805      1.16552      1.09128      1.10378
     -2.12448     -2.11154     -2.09465     -2.14275     -2.08220     -2.06904     -2.05111     -2.09522     -2.05733     -2.14936
    -0.585126    -0.613730    -0.609152    -0.614300    -0.627406    -0.635523    -0.618352    -0.654960    -0.598952    -0.653115
The same but for the L85 run with the L242 timestep
     -1.21948     -1.25595     -1.25784     -1.28891     -1.23865     -1.10156     -1.25050     -1.14242     -1.18859     -1.27220
     0.330384     0.337474     0.354835     0.327519     0.328550     0.384200     0.376679     0.360589     0.369182     0.348119
      1.18338      1.12463      1.13160      1.15512      1.09967      1.16830      1.10733      1.13225      1.20756      1.16392
     -2.12559     -2.12450     -2.11785     -2.13370     -2.06938     -2.06562     -2.14549     -2.05275     -2.13160     -2.15214
    -0.607651    -0.593545    -0.626430    -0.637859    -0.597487    -0.588437    -0.589030    -0.582502    -0.633732    -0.632089
