Latitudes in all cases are
     -89.3750     -88.1250     -86.8750     -85.6250     -84.3750     -83.1250     -81.8750     -80.6250     -79.3750     -78.1250     -76.8750     -75.6250     -74.3750     -73.1250     -71.8750     -70.6250
     -69.3750     -68.1250     -66.8750     -65.6250     -64.3750     -63.1250     -61.8750     -60.6250     -59.3750     -58.1250     -56.8750     -55.6250     -54.3750     -53.1250     -51.8750     -50.6250
     -49.3750     -48.1250     -46.8750     -45.6250     -44.3750     -43.1250     -41.8750     -40.6250     -39.3750     -38.1250     -36.8750     -35.6250     -34.3750     -33.1250     -31.8750     -30.6250
     -29.3750     -28.1250     -26.8750     -25.6250     -24.3750     -23.1250     -21.8750     -20.6250     -19.3750     -18.1250     -16.8750     -15.6250     -14.3750     -13.1250     -11.8750     -10.6250
     -9.37500     -8.12500     -6.87500     -5.62500     -4.37500     -3.12500     -1.87500    -0.625000     0.625000      1.87500      3.12500      4.37500      5.62500      6.87500      8.12500      9.37500
      10.6250      11.8750      13.1250      14.3750      15.6250      16.8750      18.1250      19.3750      20.6250      21.8750      23.1250      24.3750      25.6250      26.8750      28.1250      29.3750
      30.6250      31.8750      33.1250      34.3750      35.6250      36.8750      38.1250      39.3750      40.6250      41.8750      43.1250      44.3750      45.6250      46.8750      48.1250      49.3750
      50.6250      51.8750      53.1250      54.3750      55.6250      56.8750      58.1250      59.3750      60.6250      61.8750      63.1250      64.3750      65.6250      66.8750      68.1250      69.3750
      70.6250      71.8750      73.1250      74.3750      75.6250      76.8750      78.1250      79.3750      80.6250      81.8750      83.1250      84.3750      85.6250      86.8750      88.1250      89.3750

Zonal-mean 10-year mean lambda at L85
     -1.90454     -1.90198     -1.78599     -1.66558     -1.57641     -1.55968     -1.58431     -1.60472     -1.59243     -1.53236     -1.46792     -1.36677     -1.25756     -1.18945     -1.05914    -0.987437
     -1.09694     -1.18093     -1.27630     -1.39936     -1.77123     -1.91974     -2.08540     -2.10892     -2.18899     -2.17716     -2.11063     -1.98329     -1.87583     -1.77555     -1.63464     -1.49276
     -1.35385     -1.20221     -1.08938     -1.02085    -0.957121    -0.933680    -0.955148    -0.983378     -1.02078     -1.06672     -1.12638     -1.17883     -1.23485     -1.27042     -1.27688     -1.32705
     -1.37149     -1.40416     -1.40292     -1.43767     -1.41755     -1.41795     -1.37696     -1.34655     -1.27875     -1.21680     -1.14187     -1.07745     -1.02845     -1.01123     -1.02849     -1.04048
     -1.05524     -1.07357     -1.08061     -1.06623     -1.08374     -1.05855     -1.08657     -1.10479     -1.11962     -1.11387     -1.11811     -1.15215     -1.18603     -1.23713     -1.31995     -1.39913
     -1.44896     -1.44807     -1.40638     -1.37758     -1.35513     -1.30333     -1.28579     -1.27071     -1.28474     -1.30387     -1.30944     -1.32895     -1.31259     -1.32978     -1.30116     -1.18996
     -1.18340     -1.16534     -1.10751    -0.986414    -0.970800     -1.05251     -1.10340     -1.13482     -1.09860     -1.14605     -1.15618     -1.14990     -1.12255     -1.12689     -1.11773     -1.12992
     -1.12520     -1.10444     -1.10198     -1.12227     -1.17865     -1.23846     -1.28776     -1.21904     -1.13195     -1.12467     -1.13259     -1.05942     -1.05944     -1.15396     -1.16013     -1.18906
     -1.20629     -1.23520     -1.30327     -1.41625     -1.36684     -1.41184     -1.38478     -1.36857     -1.38235     -1.40264     -1.35537     -1.34675     -1.38081     -1.40616     -1.43235     -1.47889
Zonal-mean 10-year mean clear-sky LW feedback at L85
     -2.58071     -2.56796     -2.47697     -2.40904     -2.37359     -2.35467     -2.32607     -2.31941     -2.29067     -2.19193     -2.03306     -1.94300     -1.85405     -1.74211     -1.63078     -1.53571
     -1.38920     -1.31656     -1.23138     -1.13548     -1.27788     -1.36102     -1.45726     -1.53660     -1.65022     -1.72072     -1.77894     -1.84017     -1.90952     -1.96630     -2.01963     -2.07394
     -2.12123     -2.16412     -2.20110     -2.23676     -2.26346     -2.28947     -2.30025     -2.30042     -2.29355     -2.29271     -2.28545     -2.28107     -2.27508     -2.27511     -2.26699     -2.24867
     -2.21372     -2.18483     -2.15216     -2.11551     -2.07623     -2.04379     -2.00685     -1.96610     -1.91896     -1.89078     -1.86283     -1.83573     -1.80851     -1.79271     -1.78001     -1.77428
     -1.76566     -1.75919     -1.76290     -1.76402     -1.77453     -1.79457     -1.80729     -1.81128     -1.80968     -1.78779     -1.76717     -1.75168     -1.75264     -1.76234     -1.78789     -1.81117
     -1.83098     -1.84390     -1.85427     -1.86542     -1.86735     -1.88460     -1.90467     -1.93321     -1.97357     -2.01308     -2.05530     -2.08594     -2.13859     -2.22089     -2.30767     -2.39852
     -2.45399     -2.48787     -2.52297     -2.56035     -2.58015     -2.59685     -2.61837     -2.63532     -2.65444     -2.64887     -2.64610     -2.64700     -2.64293     -2.66324     -2.67359     -2.66073
     -2.63854     -2.62955     -2.62035     -2.58403     -2.55550     -2.52760     -2.52466     -2.55028     -2.59499     -2.62413     -2.65067     -2.69444     -2.70140     -2.68934     -2.64994     -2.52670
     -2.40390     -2.37272     -2.33003     -2.23753     -2.20977     -2.13285     -2.13908     -2.17445     -2.13378     -2.14571     -2.14969     -2.13143     -2.14575     -2.15851     -2.17191     -2.19860
Zonal-mean 10-year mean clear-sky SW feedback at L85
     0.200647     0.203477     0.235267     0.282804     0.361265     0.385477     0.375421     0.371864     0.362406     0.326992     0.311754     0.345826     0.375651     0.385311     0.431022     0.451456
     0.403643     0.391766     0.390939     0.309931     0.205672     0.125781    0.0742233    0.0259718   -0.0334722   -0.0760045    -0.102071    -0.108950   -0.0979321   -0.0776293   -0.0472927  -0.00111947
    0.0551201    0.0827774    0.0877094     0.102604     0.117960     0.134143     0.142995     0.137697     0.132404     0.130762     0.128869     0.121533     0.125080     0.129438     0.133449     0.141816
     0.143701     0.149873     0.151965     0.155414     0.159489     0.167338     0.174508     0.180799     0.184914     0.193797     0.197362     0.195190     0.193213     0.181841     0.174301     0.172068
     0.173047     0.177381     0.168663     0.163927     0.163946     0.167579     0.162393     0.157066     0.159906     0.157956     0.159702     0.164193     0.178783     0.191559     0.196206     0.203772
     0.210170     0.209148     0.225581     0.245536     0.257164     0.274572     0.283131     0.285412     0.278468     0.276409     0.270485     0.259648     0.258181     0.262672     0.329076     0.539703
     0.550641     0.565063     0.621447     0.756083     0.772541     0.629625     0.630171     0.663718     0.704805     0.696809     0.780131     0.845535     0.920522      1.01337      1.11977      1.15993
      1.18423      1.23080      1.28228      1.23519      1.15588      1.00836     0.927816      1.00401      1.12215      1.03925      1.00124      1.08716      1.05396     0.901321     0.850511     0.771804
     0.747591     0.750517     0.733518     0.668287     0.738206     0.723459     0.794802     0.813831     0.817937     0.807104     0.826060     0.819331     0.802336     0.796383     0.795256     0.786376
Zonal-mean 10-year mean LW cloud feedback at L85
     0.579937     0.566413     0.552504     0.564765     0.560005     0.552345     0.525408     0.494421     0.469903     0.450979     0.401821     0.406427     0.417223     0.412693     0.414421     0.394062
     0.365672     0.323100     0.279415     0.203302     0.280541     0.315911     0.347878     0.353639     0.401569     0.366844     0.294527     0.214855     0.113741   -0.0231316    -0.175093    -0.322673
    -0.472071    -0.593734    -0.704172    -0.795830    -0.892139    -0.959240     -1.00101     -1.02870     -1.05210     -1.03679     -1.00750    -0.974800    -0.945303    -0.896894    -0.834724    -0.772022
    -0.723865    -0.674280    -0.628104    -0.578515    -0.553619    -0.538252    -0.533576    -0.538137    -0.579748    -0.628086    -0.673396    -0.726911    -0.810639    -0.879051    -0.959644     -1.04819
     -1.11345     -1.18548     -1.27922     -1.35863     -1.42048     -1.44840     -1.42211     -1.40723     -1.39756     -1.41925     -1.46163     -1.49904     -1.52021     -1.51493     -1.46520     -1.33758
     -1.17530     -1.03723    -0.938187    -0.865486    -0.796615    -0.735272    -0.703285    -0.680451    -0.644757    -0.613719    -0.598598    -0.596241    -0.600165    -0.643546    -0.695883    -0.713160
    -0.766577    -0.846813    -0.907156    -0.945889    -0.972936    -0.972978    -0.928519    -0.864540    -0.797015    -0.725465    -0.642848    -0.580477    -0.518034    -0.444901    -0.357760    -0.280935
    -0.220536    -0.149282   -0.0743139   -0.0208394    0.0261667    0.0627410     0.100032     0.154123     0.202744     0.261178     0.299310     0.341952     0.355143     0.351028     0.311393     0.255415
     0.230338     0.216078     0.186682     0.142116    0.0983057    0.0808887     0.105384     0.145580     0.129025     0.182526     0.214365     0.203145     0.183395     0.173481     0.170122     0.158660
Zonal-mean 10-year mean SW cloud feedback at L85
    -0.104414    -0.103904   -0.0967868    -0.104110    -0.124081    -0.142833    -0.159072    -0.151587    -0.134065    -0.118408    -0.148428    -0.176026    -0.196377    -0.245348    -0.273800    -0.297246
    -0.477054    -0.579244    -0.715275    -0.777113    -0.979563     -1.00042     -1.05024    -0.951928    -0.906860    -0.747279    -0.524147    -0.249022    0.0178818     0.291506     0.607377     0.904970
      1.18433      1.47286      1.72818      1.90914      2.08052      2.18088      2.20311      2.20805      2.19247      2.13203      2.03771      1.95550      1.86045      1.77215      1.69139      1.55182
      1.42240      1.30508      1.22538      1.10093      1.05281     0.996755     0.988962     0.976890      1.03505      1.10828      1.19699      1.29000      1.39748      1.47869      1.53686      1.60992
      1.65083      1.69373      1.79284      1.89250      1.94732      2.01683      1.98044      1.95665      1.92772      1.93521      1.95099      1.93437      1.90803      1.84858      1.73693      1.54584
      1.34715      1.22391      1.16049      1.10779      1.05166      1.04196      1.03903      1.05753      1.05512      1.04652      1.07397      1.09359      1.16798      1.27198      1.37331      1.38201
      1.48653      1.60428      1.70117      1.76374      1.80974      1.88769      1.81332      1.70131      1.64805      1.53148      1.35263      1.23204      1.11790     0.967877     0.793856     0.651813
     0.549643     0.443583     0.310396     0.247415     0.194810     0.218038     0.209051     0.173102     0.138150     0.199032     0.217530     0.205910     0.232859     0.283034     0.327902     0.310417
     0.219687     0.170924     0.106563    0.0108762   0.00641443   -0.0833450    -0.145884    -0.153537    -0.195531    -0.246558    -0.246103    -0.237797    -0.220787    -0.217517    -0.225814    -0.225320

Zonal-mean 10-year mean lambda at L242
     -1.88502     -1.91434     -1.82837     -1.71822     -1.61245     -1.61491     -1.62365     -1.61847     -1.58369     -1.50636     -1.44927     -1.35618     -1.24301     -1.17950     -1.05621     -1.02406
     -1.16554     -1.26439     -1.41019     -1.59564     -1.98455     -2.10539     -2.23952     -2.27133     -2.38079     -2.39146     -2.33821     -2.23624     -2.09869     -1.92732     -1.77708     -1.59680
     -1.39300     -1.22492     -1.11309    -0.994565    -0.903720    -0.864271    -0.850723    -0.893231    -0.977576     -1.06079     -1.13015     -1.19382     -1.21521     -1.22556     -1.22540     -1.24500
     -1.24861     -1.27563     -1.29371     -1.30397     -1.29323     -1.25312     -1.20277     -1.19113     -1.13133     -1.12155     -1.12356     -1.13046     -1.09297     -1.09539     -1.10824     -1.11420
     -1.12059     -1.14605     -1.19824     -1.21755     -1.24720     -1.24880     -1.26526     -1.28073     -1.28633     -1.27291     -1.25652     -1.25865     -1.25090     -1.28426     -1.30314     -1.36570
     -1.41871     -1.45435     -1.44813     -1.45897     -1.46395     -1.42102     -1.39971     -1.38344     -1.37536     -1.36938     -1.38148     -1.38266     -1.36929     -1.35007     -1.30318     -1.15838
     -1.13093     -1.11379     -1.03512    -0.945649    -0.952579     -1.02287     -1.07027     -1.08174     -1.05911     -1.06865     -1.06959     -1.06985     -1.04585     -1.05917     -1.03637     -1.06047
     -1.06511     -1.06244     -1.07080     -1.11338     -1.16939     -1.24667     -1.31050     -1.29272     -1.21480     -1.19489     -1.20104     -1.18676     -1.22145     -1.29722     -1.31412     -1.36539
     -1.42274     -1.46673     -1.53433     -1.64739     -1.65523     -1.66878     -1.63816     -1.67834     -1.68814     -1.72219     -1.69105     -1.68772     -1.73266     -1.77375     -1.78933     -1.80890
Zonal-mean 10-year mean clear-sky LW feedback at L242
     -2.56666     -2.58602     -2.52521     -2.46957     -2.43241     -2.39640     -2.33868     -2.30270     -2.24212     -2.13676     -1.98758     -1.89445     -1.79323     -1.67156     -1.56034     -1.46546
     -1.33924     -1.28333     -1.23123     -1.18154     -1.35033     -1.44646     -1.54887     -1.63287     -1.75078     -1.82529     -1.88307     -1.94654     -2.01089     -2.05843     -2.10333     -2.15527
     -2.20375     -2.25398     -2.29505     -2.33397     -2.35778     -2.37572     -2.37759     -2.36909     -2.35081     -2.33653     -2.31141     -2.28267     -2.24379     -2.20989     -2.17138     -2.13623
     -2.08807     -2.04840     -2.01150     -1.97317     -1.93409     -1.90220     -1.87908     -1.86359     -1.84478     -1.83374     -1.82154     -1.80470     -1.78646     -1.76615     -1.74384     -1.74020
     -1.73843     -1.73566     -1.74179     -1.76606     -1.79889     -1.83210     -1.86184     -1.87759     -1.86889     -1.83206     -1.78532     -1.73470     -1.69787     -1.68352     -1.69982     -1.73924
     -1.78282     -1.80795     -1.83773     -1.87327     -1.90078     -1.93023     -1.96613     -1.99906     -2.03474     -2.07340     -2.11459     -2.13724     -2.16906     -2.22390     -2.29999     -2.38516
     -2.43140     -2.44790     -2.47434     -2.50397     -2.52510     -2.55135     -2.59230     -2.62620     -2.65152     -2.65626     -2.66268     -2.66066     -2.66277     -2.67503     -2.69619     -2.68811
     -2.66851     -2.65517     -2.63788     -2.60629     -2.59097     -2.56434     -2.55836     -2.57215     -2.60325     -2.62163     -2.63494     -2.65828     -2.65472     -2.64297     -2.61069     -2.48483
     -2.37132     -2.35221     -2.33676     -2.27804     -2.25099     -2.19775     -2.22916     -2.29313     -2.26147     -2.29281     -2.30654     -2.30085     -2.34368     -2.37498     -2.39245     -2.42263
Zonal-mean 10-year mean clear-sky SW feedback at L242
     0.190007     0.190586     0.215006     0.270718     0.370831     0.370393     0.370495     0.368049     0.349086     0.314511     0.290536     0.309983     0.323027     0.323747     0.372482     0.382350
     0.368122     0.382109     0.380503     0.310904     0.208960     0.129066    0.0691699    0.0149745   -0.0470111   -0.0876004    -0.114416    -0.120354    -0.106966   -0.0844226   -0.0522220  -0.00203229
    0.0602667    0.0869152    0.0879124    0.0952452     0.109523     0.125733     0.134773     0.132887     0.131875     0.133274     0.135271     0.133205     0.141721     0.149737     0.157372     0.166534
     0.170229     0.175813     0.178691     0.181863     0.188417     0.197455     0.203974     0.208705     0.211149     0.217965     0.220131     0.217138     0.216022     0.207988     0.201819     0.199243
     0.200003     0.203716     0.194260     0.186730     0.185734     0.186473     0.175078     0.162378     0.159331     0.152164     0.154823     0.160137     0.180674     0.195034     0.196187     0.198789
     0.200840     0.197185     0.209184     0.226494     0.242026     0.262176     0.274437     0.279881     0.277615     0.276462     0.272412     0.264177     0.264434     0.270826     0.342100     0.552185
     0.570437     0.563741     0.626367     0.760682     0.759109     0.621283     0.630437     0.681151     0.702805     0.698256     0.780476     0.824052     0.905380     0.985384      1.14328      1.16548
      1.17890      1.17425      1.17880      1.10269      1.01940     0.874935     0.791583     0.827901     0.899009     0.820623     0.739321     0.756838     0.726542     0.630245     0.644984     0.603892
     0.603683     0.621513     0.638979     0.590522     0.627960     0.637091     0.719785     0.722239     0.734098     0.716577     0.742963     0.750863     0.758248     0.768863     0.770776     0.774636
Zonal-mean 10-year mean LW cloud feedback at L242
     0.584477     0.574293     0.584824     0.593966     0.586608     0.569048     0.521413     0.496124     0.474354     0.464436     0.439661     0.441909     0.443455     0.427388     0.416838     0.380266
     0.341292     0.299334     0.285447     0.243088     0.358374     0.425213     0.494256     0.511441     0.546184     0.486414     0.393947     0.294428     0.185052    0.0412626    -0.114478    -0.286224
    -0.474781    -0.649380    -0.805996    -0.936457     -1.04614     -1.11047     -1.15532     -1.18259     -1.19520     -1.16918     -1.11312     -1.03345    -0.948436    -0.870686    -0.798599    -0.729059
    -0.670979    -0.591473    -0.529511    -0.491494    -0.480944    -0.485152    -0.498369    -0.520566    -0.571450    -0.610875    -0.660027    -0.729905    -0.816184    -0.904233    -0.962133     -1.03581
     -1.08861     -1.14832     -1.20983     -1.30492     -1.41524     -1.44909     -1.43313     -1.41073     -1.39574     -1.39160     -1.41076     -1.40995     -1.37956     -1.33857     -1.29319     -1.21463
     -1.08158    -0.941137    -0.829016    -0.753779    -0.710066    -0.662429    -0.622877    -0.584216    -0.538249    -0.513359    -0.523861    -0.553046    -0.582136    -0.625964    -0.669451    -0.695130
    -0.746875    -0.794423    -0.834478    -0.853669    -0.870404    -0.871740    -0.843705    -0.789509    -0.719097    -0.640547    -0.559270    -0.500904    -0.445768    -0.387731    -0.303941    -0.250284
    -0.205488    -0.151027   -0.0872366   -0.0471143   0.00205368    0.0441048    0.0915099     0.135848     0.167084     0.208514     0.257300     0.307620     0.295674     0.262010     0.225645     0.173531
     0.134276     0.118248     0.109557    0.0797419   0.00989720  -0.00476439    0.0436079    0.0783624    0.0510486     0.102266     0.137734     0.126665     0.135018     0.139288     0.163141     0.188326
Zonal-mean 10-year mean SW cloud feedback at L242
   -0.0928488   -0.0931974    -0.102998    -0.113331    -0.137486    -0.157948    -0.176873    -0.179944    -0.165010    -0.148544    -0.191887    -0.213624    -0.216261    -0.259084    -0.285190    -0.321215
    -0.535717    -0.662510    -0.844915    -0.968091     -1.20156     -1.21321     -1.25408     -1.16488     -1.12918    -0.964982    -0.734664    -0.463771    -0.165888     0.174268     0.492953     0.846731
      1.22527      1.59152      1.90005      2.18062      2.39069      2.49619      2.54742      2.52556      2.43656      2.31164      2.15912      1.98909      1.83529      1.70527      1.58721      1.45375
      1.34022      1.18844      1.06861     0.978828     0.933389     0.936775     0.970707     0.984322      1.07375      1.10510      1.13787      1.18701      1.29366      1.36700      1.39591      1.46256
      1.50645      1.53421      1.55911      1.66670      1.78120      1.84592      1.85464      1.84521      1.81896      1.79858      1.78474      1.72586      1.64586      1.54280      1.49369      1.38939
      1.24484      1.09756      1.00944     0.941584     0.904868     0.909460     0.914856     0.919947     0.920015     0.940921     0.984560      1.04345      1.11747      1.22896      1.32415      1.36973
      1.47691      1.56479      1.64732      1.65131      1.68381      1.77893      1.73529      1.65282      1.60870      1.52990      1.37189      1.26766      1.15731      1.01821     0.820480     0.712435
     0.629990     0.569514     0.475511     0.437330     0.400124     0.398625     0.364774     0.315680     0.322357     0.397601     0.437282     0.407065     0.411050     0.453494     0.425943     0.342012
     0.210625     0.145718    0.0538890   -0.0396111   -0.0420961    -0.103358    -0.172398    -0.185817    -0.211817    -0.248215    -0.265206    -0.264404    -0.282242    -0.306922    -0.330798    -0.349233

Difference of zonal-mean 10-year mean lambda where notionally significant
 -1.07374e+09 -1.07374e+09 -1.07374e+09 -1.07374e+09 -1.07374e+09 -1.07374e+09 -1.07374e+09 -1.07374e+09 -1.07374e+09 -1.07374e+09 -1.07374e+09 -1.07374e+09 -1.07374e+09 -1.07374e+09 -1.07374e+09 -1.07374e+09
 -1.07374e+09 -1.07374e+09    -0.133649    -0.196635 -1.07374e+09 -1.07374e+09 -1.07374e+09 -1.07374e+09 -1.07374e+09    -0.215375    -0.228602 -1.07374e+09 -1.07374e+09 -1.07374e+09 -1.07374e+09 -1.07374e+09
 -1.07374e+09 -1.07374e+09 -1.07374e+09 -1.07374e+09 -1.07374e+09 -1.07374e+09 -1.07374e+09 -1.07374e+09 -1.07374e+09 -1.07374e+09 -1.07374e+09 -1.07374e+09 -1.07374e+09 -1.07374e+09 -1.07374e+09 -1.07374e+09
 -1.07374e+09 -1.07374e+09 -1.07374e+09 -1.07374e+09 -1.07374e+09 -1.07374e+09 -1.07374e+09     0.156248     0.148398 -1.07374e+09 -1.07374e+09 -1.07374e+09 -1.07374e+09 -1.07374e+09 -1.07374e+09 -1.07374e+09
 -1.07374e+09 -1.07374e+09 -1.07374e+09 -1.07374e+09    -0.162854    -0.189631    -0.178042 -1.07374e+09    -0.166155 -1.07374e+09 -1.07374e+09 -1.07374e+09 -1.07374e+09 -1.07374e+09 -1.07374e+09 -1.07374e+09
 -1.07374e+09 -1.07374e+09   -0.0411307   -0.0809811 -1.07374e+09 -1.07374e+09 -1.07374e+09 -1.07374e+09 -1.07374e+09 -1.07374e+09 -1.07374e+09 -1.07374e+09 -1.07374e+09 -1.07374e+09 -1.07374e+09 -1.07374e+09
 -1.07374e+09 -1.07374e+09 -1.07374e+09 -1.07374e+09 -1.07374e+09 -1.07374e+09 -1.07374e+09 -1.07374e+09 -1.07374e+09 -1.07374e+09 -1.07374e+09 -1.07374e+09 -1.07374e+09 -1.07374e+09 -1.07374e+09 -1.07374e+09
 -1.07374e+09 -1.07374e+09 -1.07374e+09 -1.07374e+09 -1.07374e+09 -1.07374e+09 -1.07374e+09 -1.07374e+09 -1.07374e+09 -1.07374e+09 -1.07374e+09 -1.07374e+09 -1.07374e+09 -1.07374e+09 -1.07374e+09 -1.07374e+09
 -1.07374e+09 -1.07374e+09 -1.07374e+09 -1.07374e+09 -1.07374e+09 -1.07374e+09 -1.07374e+09 -1.07374e+09 -1.07374e+09 -1.07374e+09 -1.07374e+09 -1.07374e+09 -1.07374e+09 -1.07374e+09 -1.07374e+09 -1.07374e+09
Difference of zonal-mean 10-year mean clear-sky LW feedback where notionally significant
 -1.07374e+09 -1.07374e+09 -1.07374e+09 -1.07374e+09 -1.07374e+09 -1.07374e+09 -1.07374e+09 -1.07374e+09 -1.07374e+09 -1.07374e+09 -1.07374e+09 -1.07374e+09 -1.07374e+09 -1.07374e+09 -1.07374e+09 -1.07374e+09
 -1.07374e+09 -1.07374e+09 -1.07374e+09   -0.0466744   -0.0728767   -0.0858402   -0.0919158   -0.0966930    -0.101131    -0.105173    -0.104756    -0.107021    -0.101923   -0.0926509   -0.0840875   -0.0816496
   -0.0827635   -0.0899958   -0.0940723   -0.0973844   -0.0945733   -0.0865955   -0.0777282   -0.0690472 -1.07374e+09 -1.07374e+09 -1.07374e+09 -1.07374e+09 -1.07374e+09 -1.07374e+09 -1.07374e+09 -1.07374e+09
 -1.07374e+09 -1.07374e+09 -1.07374e+09     0.142114 -1.07374e+09 -1.07374e+09 -1.07374e+09 -1.07374e+09 -1.07374e+09 -1.07374e+09 -1.07374e+09 -1.07374e+09 -1.07374e+09 -1.07374e+09 -1.07374e+09 -1.07374e+09
 -1.07374e+09 -1.07374e+09 -1.07374e+09 -1.07374e+09 -1.07374e+09 -1.07374e+09 -1.07374e+09 -1.07374e+09 -1.07374e+09 -1.07374e+09 -1.07374e+09 -1.07374e+09 -1.07374e+09 -1.07374e+09 -1.07374e+09 -1.07374e+09
 -1.07374e+09 -1.07374e+09 -1.07374e+09 -1.07374e+09 -1.07374e+09 -1.07374e+09 -1.07374e+09 -1.07374e+09 -1.07374e+09 -1.07374e+09 -1.07374e+09 -1.07374e+09 -1.07374e+09 -1.07374e+09 -1.07374e+09 -1.07374e+09
 -1.07374e+09 -1.07374e+09 -1.07374e+09 -1.07374e+09 -1.07374e+09 -1.07374e+09 -1.07374e+09 -1.07374e+09 -1.07374e+09 -1.07374e+09 -1.07374e+09 -1.07374e+09 -1.07374e+09 -1.07374e+09 -1.07374e+09 -1.07374e+09
 -1.07374e+09 -1.07374e+09 -1.07374e+09 -1.07374e+09 -1.07374e+09 -1.07374e+09 -1.07374e+09 -1.07374e+09 -1.07374e+09 -1.07374e+09 -1.07374e+09 -1.07374e+09 -1.07374e+09 -1.07374e+09 -1.07374e+09 -1.07374e+09
 -1.07374e+09 -1.07374e+09 -1.07374e+09 -1.07374e+09 -1.07374e+09 -1.07374e+09 -1.07374e+09 -1.07374e+09 -1.07374e+09 -1.07374e+09 -1.07374e+09 -1.07374e+09 -1.07374e+09 -1.07374e+09 -1.07374e+09 -1.07374e+09
Difference of zonal-mean 10-year mean clear-sky SW feedback where notionally significant
 -1.07374e+09 -1.07374e+09 -1.07374e+09 -1.07374e+09 -1.07374e+09 -1.07374e+09 -1.07374e+09 -1.07374e+09 -1.07374e+09 -1.07374e+09 -1.07374e+09 -1.07374e+09 -1.07374e+09   -0.0614653 -1.07374e+09 -1.07374e+09
 -1.07374e+09 -1.07374e+09 -1.07374e+09 -1.07374e+09 -1.07374e+09 -1.07374e+09 -1.07374e+09 -1.07374e+09   -0.0132055 -1.07374e+09 -1.07374e+09 -1.07374e+09 -1.07374e+09 -1.07374e+09 -1.07374e+09 -1.07374e+09
 -1.07374e+09 -1.07374e+09 -1.07374e+09 -1.07374e+09 -1.07374e+09 -1.07374e+09 -1.07374e+09 -1.07374e+09 -1.07374e+09 -1.07374e+09 -1.07374e+09 -1.07374e+09 -1.07374e+09 -1.07374e+09 -1.07374e+09    0.0249190
    0.0267302    0.0261367 -1.07374e+09 -1.07374e+09 -1.07374e+09 -1.07374e+09 -1.07374e+09 -1.07374e+09 -1.07374e+09 -1.07374e+09 -1.07374e+09 -1.07374e+09    0.0227685    0.0261243    0.0275262    0.0271983
    0.0269885    0.0263658 -1.07374e+09 -1.07374e+09 -1.07374e+09 -1.07374e+09 -1.07374e+09 -1.07374e+09 -1.07374e+09 -1.07374e+09 -1.07374e+09 -1.07374e+09 -1.07374e+09 -1.07374e+09 -1.07374e+09 -1.07374e+09
 -1.07374e+09 -1.07374e+09 -1.07374e+09 -1.07374e+09 -1.07374e+09 -1.07374e+09 -1.07374e+09 -1.07374e+09 -1.07374e+09 -1.07374e+09 -1.07374e+09 -1.07374e+09 -1.07374e+09 -1.07374e+09 -1.07374e+09 -1.07374e+09
 -1.07374e+09 -1.07374e+09 -1.07374e+09 -1.07374e+09 -1.07374e+09 -1.07374e+09 -1.07374e+09 -1.07374e+09 -1.07374e+09 -1.07374e+09 -1.07374e+09 -1.07374e+09 -1.07374e+09 -1.07374e+09 -1.07374e+09 -1.07374e+09
 -1.07374e+09 -1.07374e+09 -1.07374e+09 -1.07374e+09 -1.07374e+09 -1.07374e+09 -1.07374e+09 -1.07374e+09 -1.07374e+09 -1.07374e+09 -1.07374e+09    -0.330559    -0.327206    -0.270003 -1.07374e+09    -0.166488
 -1.07374e+09    -0.128427 -1.07374e+09 -1.07374e+09 -1.07374e+09 -1.07374e+09 -1.07374e+09 -1.07374e+09 -1.07374e+09 -1.07374e+09 -1.07374e+09 -1.07374e+09 -1.07374e+09 -1.07374e+09 -1.07374e+09 -1.07374e+09
Difference of zonal-mean 10-year mean LW cloud feedback where notionally significant
 -1.07374e+09 -1.07374e+09 -1.07374e+09 -1.07374e+09 -1.07374e+09 -1.07374e+09 -1.07374e+09 -1.07374e+09 -1.07374e+09 -1.07374e+09 -1.07374e+09 -1.07374e+09 -1.07374e+09 -1.07374e+09 -1.07374e+09 -1.07374e+09
 -1.07374e+09 -1.07374e+09 -1.07374e+09 -1.07374e+09 -1.07374e+09 -1.07374e+09 -1.07374e+09 -1.07374e+09 -1.07374e+09 -1.07374e+09 -1.07374e+09 -1.07374e+09 -1.07374e+09 -1.07374e+09 -1.07374e+09 -1.07374e+09
 -1.07374e+09 -1.07374e+09 -1.07374e+09 -1.07374e+09 -1.07374e+09    -0.151707    -0.154906    -0.154207    -0.143249 -1.07374e+09 -1.07374e+09 -1.07374e+09 -1.07374e+09 -1.07374e+09 -1.07374e+09 -1.07374e+09
 -1.07374e+09 -1.07374e+09 -1.07374e+09 -1.07374e+09 -1.07374e+09 -1.07374e+09 -1.07374e+09 -1.07374e+09 -1.07374e+09 -1.07374e+09 -1.07374e+09 -1.07374e+09 -1.07374e+09 -1.07374e+09 -1.07374e+09 -1.07374e+09
 -1.07374e+09 -1.07374e+09 -1.07374e+09 -1.07374e+09 -1.07374e+09 -1.07374e+09 -1.07374e+09 -1.07374e+09 -1.07374e+09 -1.07374e+09 -1.07374e+09 -1.07374e+09 -1.07374e+09     0.178159     0.174419 -1.07374e+09
 -1.07374e+09 -1.07374e+09 -1.07374e+09 -1.07374e+09 -1.07374e+09 -1.07374e+09 -1.07374e+09 -1.07374e+09 -1.07374e+09 -1.07374e+09 -1.07374e+09 -1.07374e+09 -1.07374e+09 -1.07374e+09 -1.07374e+09 -1.07374e+09
 -1.07374e+09 -1.07374e+09 -1.07374e+09 -1.07374e+09 -1.07374e+09 -1.07374e+09 -1.07374e+09 -1.07374e+09 -1.07374e+09 -1.07374e+09 -1.07374e+09 -1.07374e+09 -1.07374e+09 -1.07374e+09 -1.07374e+09 -1.07374e+09
 -1.07374e+09 -1.07374e+09 -1.07374e+09 -1.07374e+09 -1.07374e+09 -1.07374e+09 -1.07374e+09 -1.07374e+09 -1.07374e+09 -1.07374e+09 -1.07374e+09 -1.07374e+09 -1.07374e+09 -1.07374e+09 -1.07374e+09 -1.07374e+09
 -1.07374e+09 -1.07374e+09 -1.07374e+09 -1.07374e+09 -1.07374e+09 -1.07374e+09 -1.07374e+09 -1.07374e+09 -1.07374e+09 -1.07374e+09 -1.07374e+09 -1.07374e+09 -1.07374e+09 -1.07374e+09 -1.07374e+09 -1.07374e+09
Difference of zonal-mean 10-year mean SW cloud feedback where notionally significant
 -1.07374e+09 -1.07374e+09 -1.07374e+09 -1.07374e+09 -1.07374e+09 -1.07374e+09 -1.07374e+09 -1.07374e+09 -1.07374e+09 -1.07374e+09 -1.07374e+09 -1.07374e+09 -1.07374e+09   -0.0614653 -1.07374e+09 -1.07374e+09
 -1.07374e+09 -1.07374e+09 -1.07374e+09 -1.07374e+09 -1.07374e+09 -1.07374e+09 -1.07374e+09 -1.07374e+09   -0.0132055 -1.07374e+09 -1.07374e+09 -1.07374e+09 -1.07374e+09 -1.07374e+09 -1.07374e+09 -1.07374e+09
 -1.07374e+09 -1.07374e+09 -1.07374e+09 -1.07374e+09 -1.07374e+09 -1.07374e+09 -1.07374e+09 -1.07374e+09 -1.07374e+09 -1.07374e+09 -1.07374e+09 -1.07374e+09 -1.07374e+09 -1.07374e+09 -1.07374e+09    0.0249190
    0.0267302    0.0261367 -1.07374e+09 -1.07374e+09 -1.07374e+09 -1.07374e+09 -1.07374e+09 -1.07374e+09 -1.07374e+09 -1.07374e+09 -1.07374e+09 -1.07374e+09    0.0227685    0.0261243    0.0275262    0.0271983
    0.0269885    0.0263658 -1.07374e+09 -1.07374e+09 -1.07374e+09 -1.07374e+09 -1.07374e+09 -1.07374e+09 -1.07374e+09 -1.07374e+09 -1.07374e+09 -1.07374e+09 -1.07374e+09 -1.07374e+09 -1.07374e+09 -1.07374e+09
 -1.07374e+09 -1.07374e+09 -1.07374e+09 -1.07374e+09 -1.07374e+09 -1.07374e+09 -1.07374e+09 -1.07374e+09 -1.07374e+09 -1.07374e+09 -1.07374e+09 -1.07374e+09 -1.07374e+09 -1.07374e+09 -1.07374e+09 -1.07374e+09
 -1.07374e+09 -1.07374e+09 -1.07374e+09 -1.07374e+09 -1.07374e+09 -1.07374e+09 -1.07374e+09 -1.07374e+09 -1.07374e+09 -1.07374e+09 -1.07374e+09 -1.07374e+09 -1.07374e+09 -1.07374e+09 -1.07374e+09 -1.07374e+09
 -1.07374e+09 -1.07374e+09 -1.07374e+09 -1.07374e+09 -1.07374e+09 -1.07374e+09 -1.07374e+09 -1.07374e+09 -1.07374e+09 -1.07374e+09 -1.07374e+09    -0.330559    -0.327206    -0.270003 -1.07374e+09    -0.166488
 -1.07374e+09    -0.128427 -1.07374e+09 -1.07374e+09 -1.07374e+09 -1.07374e+09 -1.07374e+09 -1.07374e+09 -1.07374e+09 -1.07374e+09 -1.07374e+09 -1.07374e+09 -1.07374e+09 -1.07374e+09 -1.07374e+09 -1.07374e+09
Difference of zonal-mean 10-year mean net cloud feedback where notionally significant
 -1.07374e+09 -1.07374e+09 -1.07374e+09 -1.07374e+09 -1.07374e+09 -1.07374e+09 -1.07374e+09 -1.07374e+09 -1.07374e+09 -1.07374e+09 -1.07374e+09 -1.07374e+09 -1.07374e+09 -1.07374e+09 -1.07374e+09 -1.07374e+09
 -1.07374e+09 -1.07374e+09    -0.122998    -0.151178 -1.07374e+09 -1.07374e+09 -1.07374e+09 -1.07374e+09 -1.07374e+09 -1.07374e+09 -1.07374e+09 -1.07374e+09 -1.07374e+09 -1.07374e+09 -1.07374e+09 -1.07374e+09
 -1.07374e+09 -1.07374e+09 -1.07374e+09 -1.07374e+09 -1.07374e+09 -1.07374e+09 -1.07374e+09 -1.07374e+09 -1.07374e+09 -1.07374e+09 -1.07374e+09 -1.07374e+09 -1.07374e+09 -1.07374e+09   -0.0683844 -1.07374e+09
 -1.07374e+09 -1.07374e+09 -1.07374e+09 -1.07374e+09 -1.07374e+09 -1.07374e+09 -1.07374e+09 -1.07374e+09 -1.07374e+09 -1.07374e+09 -1.07374e+09    -0.106704    -0.109987    -0.137469    -0.143928    -0.135581
    -0.119818    -0.122549    -0.164484    -0.172379    -0.161137    -0.171765    -0.136909    -0.114777    -0.106770    -0.108874    -0.115124 -1.07374e+09    -0.120461    -0.128380   -0.0706183 -1.07374e+09
 -1.07374e+09 -1.07374e+09 -1.07374e+09 -1.07374e+09 -1.07374e+09 -1.07374e+09 -1.07374e+09 -1.07374e+09 -1.07374e+09 -1.07374e+09 -1.07374e+09 -1.07374e+09 -1.07374e+09 -1.07374e+09 -1.07374e+09 -1.07374e+09
 -1.07374e+09 -1.07374e+09 -1.07374e+09 -1.07374e+09 -1.07374e+09 -1.07374e+09 -1.07374e+09 -1.07374e+09 -1.07374e+09 -1.07374e+09 -1.07374e+09 -1.07374e+09 -1.07374e+09 -1.07374e+09 -1.07374e+09 -1.07374e+09
 -1.07374e+09 -1.07374e+09 -1.07374e+09 -1.07374e+09 -1.07374e+09 -1.07374e+09 -1.07374e+09 -1.07374e+09 -1.07374e+09 -1.07374e+09 -1.07374e+09 -1.07374e+09 -1.07374e+09 -1.07374e+09 -1.07374e+09 -1.07374e+09
 -1.07374e+09 -1.07374e+09 -1.07374e+09 -1.07374e+09 -1.07374e+09 -1.07374e+09 -1.07374e+09 -1.07374e+09 -1.07374e+09 -1.07374e+09 -1.07374e+09 -1.07374e+09 -1.07374e+09 -1.07374e+09 -1.07374e+09 -1.07374e+09

Zonal-mean 10-year mean lambda at L85 but with L242 timestep
     -2.02774     -2.04429     -1.92694     -1.79679     -1.68614     -1.64387     -1.66582     -1.67790     -1.67992     -1.63428     -1.61153     -1.52664     -1.41825     -1.33623     -1.17646     -1.10084
     -1.16415     -1.20512     -1.28689     -1.43680     -1.79853     -1.92785     -2.08756     -2.09100     -2.11697     -2.06905     -1.98079     -1.81869     -1.72491     -1.61376     -1.50953     -1.41106
     -1.36397     -1.31101     -1.29640     -1.27102     -1.22147     -1.17699     -1.18771     -1.20277     -1.20507     -1.24175     -1.26571     -1.29758     -1.27786     -1.27426     -1.24034     -1.24793
     -1.25179     -1.27234     -1.25667     -1.26832     -1.24833     -1.20774     -1.18096     -1.14163     -1.08826     -1.04519     -1.01148    -0.982983    -0.937896    -0.948015    -0.958202    -0.963612
    -0.967591    -0.988266     -1.00447    -0.976452    -0.973792    -0.973627     -1.02020     -1.05518     -1.06113     -1.05290     -1.06609     -1.05925     -1.04117     -1.09183     -1.15004     -1.24286
     -1.30248     -1.32219     -1.30497     -1.25504     -1.24245     -1.20593     -1.17747     -1.16651     -1.18076     -1.20471     -1.26172     -1.27416     -1.24779     -1.22772     -1.21958     -1.15727
     -1.18676     -1.18376     -1.14733     -1.07056     -1.06696     -1.10098     -1.11649     -1.13190     -1.12754     -1.17388     -1.15443     -1.15186     -1.14032     -1.09769     -1.08144     -1.08247
     -1.07383     -1.10493     -1.10594     -1.15000     -1.22725     -1.27469     -1.33582     -1.29073     -1.23152     -1.24729     -1.26629     -1.24698     -1.27619     -1.34909     -1.34246     -1.34325
     -1.29021     -1.29157     -1.33306     -1.43969     -1.34659     -1.38081     -1.36314     -1.35002     -1.35208     -1.36585     -1.31131     -1.27583     -1.28832     -1.33216     -1.37856     -1.42471
Zonal-mean 10-year mean clear-sky LW feedback at L85 but with L242 timestep
     -2.76030     -2.75770     -2.66953     -2.60292     -2.55934     -2.51497     -2.49010     -2.47861     -2.46461     -2.38641     -2.23962     -2.14270     -2.03362     -1.91996     -1.80625     -1.69954
     -1.53799     -1.45933     -1.37838     -1.29034     -1.42156     -1.49266     -1.57892     -1.64836     -1.75477     -1.81982     -1.87202     -1.92747     -1.98688     -2.02946     -2.06402     -2.10050
     -2.13439     -2.17264     -2.20648     -2.24045     -2.26878     -2.29855     -2.31642     -2.31887     -2.31834     -2.31664     -2.31215     -2.29967     -2.27991     -2.27427     -2.26507     -2.24926
     -2.21576     -2.19532     -2.16822     -2.14046     -2.10759     -2.07861     -2.05038     -2.02658     -1.98866     -1.96170     -1.92793     -1.88944     -1.85566     -1.81761     -1.78833     -1.76572
     -1.74768     -1.72751     -1.71612     -1.69750     -1.69304     -1.70517     -1.71584     -1.72428     -1.72856     -1.71637     -1.70574     -1.69862     -1.70513     -1.72738     -1.75992     -1.80230
     -1.82530     -1.82346     -1.82398     -1.84008     -1.85035     -1.86284     -1.87152     -1.88413     -1.90419     -1.93586     -1.97460     -2.01002     -2.06426     -2.13787     -2.23031     -2.33026
     -2.40654     -2.44547     -2.48702     -2.52453     -2.55431     -2.58568     -2.62475     -2.65861     -2.69249     -2.69944     -2.71312     -2.71627     -2.70180     -2.71964     -2.73856     -2.72575
     -2.70403     -2.69019     -2.68626     -2.65697     -2.64285     -2.62894     -2.63150     -2.65492     -2.70703     -2.73039     -2.74529     -2.75988     -2.74630     -2.72824     -2.67484     -2.54875
     -2.43714     -2.41339     -2.37242     -2.29027     -2.25334     -2.16285     -2.14772     -2.16765     -2.11234     -2.10612     -2.09785     -2.06815     -2.07411     -2.10047     -2.12942     -2.16677
Zonal-mean 10-year mean clear-sky SW feedback at L85 but with L242 timestep
     0.234486     0.231386     0.276075     0.339662     0.427039     0.442602     0.424632     0.419020     0.413537     0.389104     0.360602     0.385435     0.405498     0.423731     0.491632     0.483675
     0.453359     0.452672     0.425560     0.334742     0.230643     0.147094    0.0912161    0.0438319  -0.00860973   -0.0454240   -0.0679923   -0.0720093   -0.0636173   -0.0458922   -0.0210020    0.0209799
    0.0780184     0.102234    0.0981852    0.0992109     0.109609     0.125228     0.134161     0.130625     0.127351     0.130099     0.131372     0.126274     0.133075     0.138331     0.143339     0.150355
     0.151944     0.155753     0.156664     0.157889     0.161474     0.168237     0.172592     0.175952     0.179146     0.186885     0.191010     0.190016     0.189777     0.181613     0.175103     0.173201
     0.173489     0.177020     0.169087     0.167649     0.172589     0.178450     0.171372     0.165664     0.168811     0.167921     0.171417     0.178895     0.193913     0.206847     0.210445     0.215258
     0.218947     0.218419     0.234211     0.254808     0.267428     0.286018     0.296307     0.301250     0.298019     0.300677     0.298398     0.289199     0.287122     0.290409     0.335382     0.501130
     0.523996     0.521921     0.583378     0.714774     0.708034     0.596176     0.631242     0.672243     0.706956     0.713996     0.823292     0.879801     0.952544      1.11288      1.23916      1.23706
      1.23902      1.22432      1.23034      1.12216      1.01950     0.906419     0.826708     0.891832      1.03354     0.945155     0.871852     0.887384     0.879451     0.743787     0.731769     0.696689
     0.698672     0.697998     0.659742     0.601125     0.655658     0.644496     0.703525     0.699290     0.698316     0.694439     0.729229     0.731731     0.731531     0.743660     0.750723     0.750318
Zonal-mean 10-year mean LW cloud feedback at L85 but with L242 timestep
     0.612515     0.596769     0.584911     0.599038     0.606765     0.604122     0.580840     0.555044     0.541066     0.516236     0.456830     0.428323     0.402461     0.382099     0.374788     0.350519
     0.304265     0.263026     0.209282     0.127577     0.209034     0.267726     0.315327     0.323149     0.368389     0.338924     0.284380     0.210068     0.134132    0.0254931   -0.0874664    -0.209311
    -0.345008    -0.476400    -0.599206    -0.711999    -0.816948    -0.900322    -0.955439    -0.985740     -1.00571    -0.992848    -0.971218    -0.927857    -0.879757    -0.831089    -0.795181    -0.750752
    -0.725535    -0.684009    -0.649510    -0.623153    -0.606911    -0.596394    -0.581211    -0.572310    -0.604678    -0.654037    -0.711500    -0.756355    -0.818130    -0.861022    -0.897611    -0.944586
    -0.977750     -1.01939     -1.07721     -1.12466     -1.18741     -1.22160     -1.21953     -1.21000     -1.23132     -1.25885     -1.30513     -1.34605     -1.36234     -1.37235     -1.35474     -1.29906
     -1.18880     -1.06294    -0.934556    -0.837168    -0.765504    -0.685284    -0.616226    -0.568875    -0.537176    -0.533256    -0.558416    -0.583832    -0.607917    -0.645042    -0.673863    -0.703465
    -0.762331    -0.825083    -0.859597    -0.869071    -0.878409    -0.893316    -0.898745    -0.855694    -0.805498    -0.757108    -0.713481    -0.671703    -0.601250    -0.508057    -0.400472    -0.320356
    -0.259117    -0.193689    -0.121849   -0.0795578   -0.0262774    0.0173133    0.0563837     0.129887     0.196864     0.264092     0.321922     0.369195     0.406516     0.421505     0.403962     0.362272
     0.312011     0.290135     0.260182     0.222231     0.161940     0.134913     0.149055     0.159451     0.117836     0.149334     0.171759     0.156465     0.142005     0.134150     0.122900     0.118667
Zonal-mean 10-year mean SW cloud feedback at L85 but with L242 timestep
    -0.114435    -0.114745    -0.118394    -0.132565    -0.160601    -0.175622    -0.181195    -0.173359    -0.169912    -0.153213    -0.189347    -0.197689    -0.192588    -0.222100    -0.236634    -0.235493
    -0.383791    -0.461490    -0.543357    -0.608782    -0.816651    -0.850008    -0.915180    -0.809619    -0.721977    -0.542736    -0.325152   -0.0292849     0.191455     0.436108     0.662967     0.877764
      1.03741      1.23580      1.41110      1.58222      1.75465      1.89666      1.94999      1.97122      1.99163      1.93764      1.88628      1.80368      1.74872      1.69277      1.67658      1.60172
      1.53756      1.45123      1.40440      1.33741      1.30470      1.29903      1.27804      1.28130      1.32594      1.38367      1.43694      1.47280      1.54611      1.54900      1.55263      1.57349
      1.58435      1.58162      1.61977      1.67806      1.73407      1.77469      1.74381      1.71344      1.72993      1.75441      1.77336      1.80653      1.83239      1.80106      1.75417      1.64325
      1.49267      1.34579      1.21935      1.16740      1.10597      1.05618      1.01396     0.985245     0.962589     0.963732     0.972896      1.03050      1.13727      1.26479      1.34922      1.37533
      1.45811      1.56487      1.61591      1.60827      1.65773      1.78185      1.77576      1.71016      1.66350      1.56867      1.44888      1.35632      1.21019      1.01713     0.818433     0.726576
     0.650293     0.554632     0.471828     0.464372     0.422376     0.430517     0.412589     0.342473     0.245106     0.273846     0.285228     0.256328     0.184148     0.213858     0.196653     0.146547
     0.136246     0.133687     0.119431    0.0272276    0.0891460   0.00263767   -0.0679946   -0.0411068   -0.0558917    -0.103500    -0.114446   -0.0958765   -0.0877388    -0.109492    -0.122764    -0.126926

Pure timestep difference of zonal-mean 10-year mean lambda where notionally significant
 -1.07374e+09 -1.07374e+09 -1.07374e+09 -1.07374e+09 -1.07374e+09 -1.07374e+09 -1.07374e+09 -1.07374e+09 -1.07374e+09 -1.07374e+09 -1.07374e+09 -1.07374e+09 -1.07374e+09 -1.07374e+09 -1.07374e+09 -1.07374e+09
 -1.07374e+09 -1.07374e+09 -1.07374e+09 -1.07374e+09 -1.07374e+09 -1.07374e+09 -1.07374e+09 -1.07374e+09 -1.07374e+09 -1.07374e+09 -1.07374e+09 -1.07374e+09 -1.07374e+09 -1.07374e+09 -1.07374e+09 -1.07374e+09
 -1.07374e+09 -1.07374e+09 -1.07374e+09    -0.250378    -0.264301 -1.07374e+09 -1.07374e+09 -1.07374e+09    -0.184246 -1.07374e+09 -1.07374e+09 -1.07374e+09 -1.07374e+09 -1.07374e+09 -1.07374e+09 -1.07374e+09
 -1.07374e+09 -1.07374e+09 -1.07374e+09 -1.07374e+09 -1.07374e+09     0.209163 -1.07374e+09     0.204526     0.190503 -1.07374e+09 -1.07374e+09 -1.07374e+09 -1.07374e+09 -1.07374e+09 -1.07374e+09 -1.07374e+09
 -1.07374e+09 -1.07374e+09 -1.07374e+09 -1.07374e+09 -1.07374e+09 -1.07374e+09 -1.07374e+09 -1.07374e+09 -1.07374e+09 -1.07374e+09 -1.07374e+09 -1.07374e+09 -1.07374e+09 -1.07374e+09 -1.07374e+09 -1.07374e+09
 -1.07374e+09 -1.07374e+09 -1.07374e+09 -1.07374e+09 -1.07374e+09 -1.07374e+09 -1.07374e+09 -1.07374e+09 -1.07374e+09 -1.07374e+09 -1.07374e+09 -1.07374e+09 -1.07374e+09 -1.07374e+09 -1.07374e+09 -1.07374e+09
 -1.07374e+09 -1.07374e+09 -1.07374e+09 -1.07374e+09 -1.07374e+09 -1.07374e+09 -1.07374e+09 -1.07374e+09 -1.07374e+09 -1.07374e+09 -1.07374e+09 -1.07374e+09 -1.07374e+09 -1.07374e+09 -1.07374e+09 -1.07374e+09
 -1.07374e+09 -1.07374e+09 -1.07374e+09 -1.07374e+09 -1.07374e+09 -1.07374e+09 -1.07374e+09 -1.07374e+09 -1.07374e+09 -1.07374e+09 -1.07374e+09 -1.07374e+09 -1.07374e+09 -1.07374e+09 -1.07374e+09 -1.07374e+09
 -1.07374e+09 -1.07374e+09 -1.07374e+09 -1.07374e+09 -1.07374e+09 -1.07374e+09 -1.07374e+09 -1.07374e+09 -1.07374e+09 -1.07374e+09 -1.07374e+09 -1.07374e+09 -1.07374e+09 -1.07374e+09 -1.07374e+09 -1.07374e+09
Pure timestep difference of zonal-mean 10-year mean clear-sky LW feedback where notionally significant
 -1.07374e+09 -1.07374e+09 -1.07374e+09 -1.07374e+09 -1.07374e+09 -1.07374e+09 -1.07374e+09 -1.07374e+09 -1.07374e+09 -1.07374e+09 -1.07374e+09 -1.07374e+09 -1.07374e+09 -1.07374e+09    -0.176018 -1.07374e+09
 -1.07374e+09 -1.07374e+09    -0.146895    -0.154572    -0.143345    -0.131184    -0.121081 -1.07374e+09    -0.103970   -0.0985836   -0.0926807   -0.0869868 -1.07374e+09 -1.07374e+09 -1.07374e+09 -1.07374e+09
 -1.07374e+09 -1.07374e+09 -1.07374e+09 -1.07374e+09 -1.07374e+09 -1.07374e+09 -1.07374e+09 -1.07374e+09 -1.07374e+09 -1.07374e+09 -1.07374e+09 -1.07374e+09 -1.07374e+09 -1.07374e+09 -1.07374e+09 -1.07374e+09
 -1.07374e+09 -1.07374e+09 -1.07374e+09 -1.07374e+09 -1.07374e+09 -1.07374e+09 -1.07374e+09 -1.07374e+09 -1.07374e+09 -1.07374e+09 -1.07374e+09 -1.07374e+09 -1.07374e+09 -1.07374e+09 -1.07374e+09 -1.07374e+09
 -1.07374e+09 -1.07374e+09 -1.07374e+09 -1.07374e+09 -1.07374e+09 -1.07374e+09 -1.07374e+09 -1.07374e+09 -1.07374e+09 -1.07374e+09 -1.07374e+09 -1.07374e+09 -1.07374e+09 -1.07374e+09 -1.07374e+09 -1.07374e+09
 -1.07374e+09 -1.07374e+09 -1.07374e+09 -1.07374e+09 -1.07374e+09 -1.07374e+09 -1.07374e+09 -1.07374e+09 -1.07374e+09 -1.07374e+09 -1.07374e+09 -1.07374e+09 -1.07374e+09    0.0829027 -1.07374e+09 -1.07374e+09
 -1.07374e+09 -1.07374e+09 -1.07374e+09 -1.07374e+09 -1.07374e+09 -1.07374e+09 -1.07374e+09 -1.07374e+09 -1.07374e+09 -1.07374e+09 -1.07374e+09 -1.07374e+09 -1.07374e+09 -1.07374e+09 -1.07374e+09 -1.07374e+09
 -1.07374e+09 -1.07374e+09 -1.07374e+09 -1.07374e+09 -1.07374e+09 -1.07374e+09 -1.07374e+09 -1.07374e+09 -1.07374e+09 -1.07374e+09 -1.07374e+09 -1.07374e+09 -1.07374e+09 -1.07374e+09 -1.07374e+09 -1.07374e+09
 -1.07374e+09 -1.07374e+09 -1.07374e+09 -1.07374e+09 -1.07374e+09 -1.07374e+09 -1.07374e+09 -1.07374e+09 -1.07374e+09 -1.07374e+09 -1.07374e+09 -1.07374e+09 -1.07374e+09 -1.07374e+09 -1.07374e+09 -1.07374e+09
Pure timestep difference of zonal-mean 10-year mean clear-sky SW feedback where notionally significant
 -1.07374e+09 -1.07374e+09 -1.07374e+09 -1.07374e+09 -1.07374e+09 -1.07374e+09 -1.07374e+09 -1.07374e+09 -1.07374e+09 -1.07374e+09 -1.07374e+09 -1.07374e+09 -1.07374e+09 -1.07374e+09 -1.07374e+09 -1.07374e+09
 -1.07374e+09 -1.07374e+09 -1.07374e+09 -1.07374e+09 -1.07374e+09 -1.07374e+09 -1.07374e+09 -1.07374e+09 -1.07374e+09 -1.07374e+09 -1.07374e+09 -1.07374e+09 -1.07374e+09 -1.07374e+09 -1.07374e+09 -1.07374e+09
 -1.07374e+09 -1.07374e+09 -1.07374e+09 -1.07374e+09 -1.07374e+09 -1.07374e+09 -1.07374e+09 -1.07374e+09 -1.07374e+09 -1.07374e+09 -1.07374e+09 -1.07374e+09 -1.07374e+09 -1.07374e+09 -1.07374e+09 -1.07374e+09
 -1.07374e+09 -1.07374e+09 -1.07374e+09 -1.07374e+09 -1.07374e+09 -1.07374e+09 -1.07374e+09 -1.07374e+09 -1.07374e+09 -1.07374e+09 -1.07374e+09 -1.07374e+09 -1.07374e+09 -1.07374e+09 -1.07374e+09 -1.07374e+09
 -1.07374e+09 -1.07374e+09 -1.07374e+09 -1.07374e+09 -1.07374e+09 -1.07374e+09 -1.07374e+09 -1.07374e+09 -1.07374e+09 -1.07374e+09 -1.07374e+09 -1.07374e+09 -1.07374e+09 -1.07374e+09 -1.07374e+09 -1.07374e+09
 -1.07374e+09 -1.07374e+09 -1.07374e+09 -1.07374e+09 -1.07374e+09 -1.07374e+09 -1.07374e+09 -1.07374e+09 -1.07374e+09 -1.07374e+09 -1.07374e+09 -1.07374e+09 -1.07374e+09 -1.07374e+09 -1.07374e+09 -1.07374e+09
 -1.07374e+09 -1.07374e+09 -1.07374e+09 -1.07374e+09   -0.0644383 -1.07374e+09 -1.07374e+09 -1.07374e+09 -1.07374e+09 -1.07374e+09 -1.07374e+09 -1.07374e+09 -1.07374e+09 -1.07374e+09 -1.07374e+09 -1.07374e+09
 -1.07374e+09 -1.07374e+09 -1.07374e+09 -1.07374e+09 -1.07374e+09 -1.07374e+09 -1.07374e+09 -1.07374e+09 -1.07374e+09 -1.07374e+09 -1.07374e+09 -1.07374e+09 -1.07374e+09 -1.07374e+09 -1.07374e+09 -1.07374e+09
 -1.07374e+09 -1.07374e+09 -1.07374e+09   -0.0677697   -0.0833717   -0.0796453 -1.07374e+09 -1.07374e+09 -1.07374e+09 -1.07374e+09 -1.07374e+09 -1.07374e+09 -1.07374e+09 -1.07374e+09 -1.07374e+09 -1.07374e+09
Pure timestep difference of zonal-mean 10-year mean LW cloud feedback where notionally significant
 -1.07374e+09 -1.07374e+09 -1.07374e+09 -1.07374e+09 -1.07374e+09 -1.07374e+09 -1.07374e+09 -1.07374e+09 -1.07374e+09 -1.07374e+09 -1.07374e+09 -1.07374e+09 -1.07374e+09 -1.07374e+09 -1.07374e+09 -1.07374e+09
 -1.07374e+09 -1.07374e+09 -1.07374e+09 -1.07374e+09 -1.07374e+09 -1.07374e+09 -1.07374e+09 -1.07374e+09 -1.07374e+09 -1.07374e+09 -1.07374e+09 -1.07374e+09 -1.07374e+09 -1.07374e+09 -1.07374e+09 -1.07374e+09
 -1.07374e+09 -1.07374e+09 -1.07374e+09    0.0852263 -1.07374e+09 -1.07374e+09 -1.07374e+09 -1.07374e+09 -1.07374e+09 -1.07374e+09 -1.07374e+09 -1.07374e+09 -1.07374e+09 -1.07374e+09 -1.07374e+09 -1.07374e+09
 -1.07374e+09 -1.07374e+09 -1.07374e+09 -1.07374e+09 -1.07374e+09 -1.07374e+09 -1.07374e+09 -1.07374e+09 -1.07374e+09 -1.07374e+09 -1.07374e+09 -1.07374e+09 -1.07374e+09 -1.07374e+09 -1.07374e+09 -1.07374e+09
 -1.07374e+09     0.165166     0.201347     0.233560     0.232906 -1.07374e+09 -1.07374e+09     0.196947     0.165950 -1.07374e+09 -1.07374e+09     0.153963 -1.07374e+09 -1.07374e+09 -1.07374e+09 -1.07374e+09
 -1.07374e+09 -1.07374e+09 -1.07374e+09 -1.07374e+09 -1.07374e+09 -1.07374e+09 -1.07374e+09 -1.07374e+09 -1.07374e+09 -1.07374e+09 -1.07374e+09 -1.07374e+09 -1.07374e+09 -1.07374e+09 -1.07374e+09 -1.07374e+09
 -1.07374e+09 -1.07374e+09 -1.07374e+09 -1.07374e+09 -1.07374e+09 -1.07374e+09 -1.07374e+09 -1.07374e+09 -1.07374e+09 -1.07374e+09 -1.07374e+09 -1.07374e+09 -1.07374e+09 -1.07374e+09 -1.07374e+09 -1.07374e+09
 -1.07374e+09 -1.07374e+09 -1.07374e+09 -1.07374e+09 -1.07374e+09 -1.07374e+09 -1.07374e+09 -1.07374e+09 -1.07374e+09 -1.07374e+09 -1.07374e+09 -1.07374e+09 -1.07374e+09 -1.07374e+09 -1.07374e+09 -1.07374e+09
 -1.07374e+09 -1.07374e+09 -1.07374e+09 -1.07374e+09 -1.07374e+09 -1.07374e+09 -1.07374e+09 -1.07374e+09 -1.07374e+09 -1.07374e+09 -1.07374e+09 -1.07374e+09 -1.07374e+09 -1.07374e+09 -1.07374e+09 -1.07374e+09
Pure timestep difference of zonal-mean 10-year mean SW cloud feedback where notionally significant
 -1.07374e+09 -1.07374e+09 -1.07374e+09 -1.07374e+09 -1.07374e+09 -1.07374e+09 -1.07374e+09 -1.07374e+09 -1.07374e+09 -1.07374e+09 -1.07374e+09 -1.07374e+09 -1.07374e+09 -1.07374e+09 -1.07374e+09 -1.07374e+09
 -1.07374e+09 -1.07374e+09 -1.07374e+09 -1.07374e+09 -1.07374e+09 -1.07374e+09 -1.07374e+09 -1.07374e+09 -1.07374e+09 -1.07374e+09 -1.07374e+09 -1.07374e+09 -1.07374e+09 -1.07374e+09 -1.07374e+09 -1.07374e+09
 -1.07374e+09 -1.07374e+09 -1.07374e+09 -1.07374e+09 -1.07374e+09 -1.07374e+09 -1.07374e+09 -1.07374e+09 -1.07374e+09 -1.07374e+09 -1.07374e+09 -1.07374e+09 -1.07374e+09 -1.07374e+09 -1.07374e+09 -1.07374e+09
 -1.07374e+09 -1.07374e+09 -1.07374e+09 -1.07374e+09 -1.07374e+09 -1.07374e+09 -1.07374e+09 -1.07374e+09 -1.07374e+09 -1.07374e+09 -1.07374e+09 -1.07374e+09 -1.07374e+09 -1.07374e+09 -1.07374e+09 -1.07374e+09
 -1.07374e+09 -1.07374e+09 -1.07374e+09 -1.07374e+09 -1.07374e+09 -1.07374e+09 -1.07374e+09 -1.07374e+09 -1.07374e+09 -1.07374e+09 -1.07374e+09 -1.07374e+09 -1.07374e+09 -1.07374e+09 -1.07374e+09 -1.07374e+09
 -1.07374e+09 -1.07374e+09 -1.07374e+09 -1.07374e+09 -1.07374e+09 -1.07374e+09 -1.07374e+09 -1.07374e+09 -1.07374e+09 -1.07374e+09 -1.07374e+09 -1.07374e+09 -1.07374e+09 -1.07374e+09 -1.07374e+09 -1.07374e+09
 -1.07374e+09 -1.07374e+09 -1.07374e+09 -1.07374e+09   -0.0644383 -1.07374e+09 -1.07374e+09 -1.07374e+09 -1.07374e+09 -1.07374e+09 -1.07374e+09 -1.07374e+09 -1.07374e+09 -1.07374e+09 -1.07374e+09 -1.07374e+09
 -1.07374e+09 -1.07374e+09 -1.07374e+09 -1.07374e+09 -1.07374e+09 -1.07374e+09 -1.07374e+09 -1.07374e+09 -1.07374e+09 -1.07374e+09 -1.07374e+09 -1.07374e+09 -1.07374e+09 -1.07374e+09 -1.07374e+09 -1.07374e+09
 -1.07374e+09 -1.07374e+09 -1.07374e+09   -0.0677697   -0.0833717   -0.0796453 -1.07374e+09 -1.07374e+09 -1.07374e+09 -1.07374e+09 -1.07374e+09 -1.07374e+09 -1.07374e+09 -1.07374e+09 -1.07374e+09 -1.07374e+09
Pure timestep difference of zonal-mean 10-year mean net cloud feedback where notionally significant
 -1.07374e+09 -1.07374e+09 -1.07374e+09 -1.07374e+09 -1.07374e+09 -1.07374e+09 -1.07374e+09 -1.07374e+09 -1.07374e+09 -1.07374e+09 -1.07374e+09 -1.07374e+09 -1.07374e+09 -1.07374e+09 -1.07374e+09 -1.07374e+09
 -1.07374e+09 -1.07374e+09 -1.07374e+09 -1.07374e+09 -1.07374e+09 -1.07374e+09 -1.07374e+09 -1.07374e+09 -1.07374e+09 -1.07374e+09 -1.07374e+09     0.215640 -1.07374e+09     0.193971 -1.07374e+09 -1.07374e+09
 -1.07374e+09 -1.07374e+09 -1.07374e+09    -0.243909 -1.07374e+09 -1.07374e+09 -1.07374e+09 -1.07374e+09 -1.07374e+09 -1.07374e+09 -1.07374e+09 -1.07374e+09 -1.07374e+09 -1.07374e+09 -1.07374e+09 -1.07374e+09
 -1.07374e+09 -1.07374e+09     0.157318     0.191421     0.198159     0.243605     0.240775     0.269818     0.265682     0.249369     0.201766     0.153239     0.141122 -1.07374e+09 -1.07374e+09 -1.07374e+09
    0.0692749    0.0542244 -1.07374e+09 -1.07374e+09 -1.07374e+09 -1.07374e+09 -1.07374e+09 -1.07374e+09 -1.07374e+09 -1.07374e+09 -1.07374e+09 -1.07374e+09 -1.07374e+09 -1.07374e+09     0.128007     0.136090
     0.132043    0.0963808 -1.07374e+09 -1.07374e+09 -1.07374e+09 -1.07374e+09 -1.07374e+09 -1.07374e+09 -1.07374e+09 -1.07374e+09 -1.07374e+09 -1.07374e+09 -1.07374e+09 -1.07374e+09 -1.07374e+09 -1.07374e+09
 -1.07374e+09 -1.07374e+09 -1.07374e+09 -1.07374e+09 -1.07374e+09 -1.07374e+09 -1.07374e+09 -1.07374e+09 -1.07374e+09 -1.07374e+09 -1.07374e+09 -1.07374e+09 -1.07374e+09 -1.07374e+09 -1.07374e+09 -1.07374e+09
 -1.07374e+09 -1.07374e+09 -1.07374e+09 -1.07374e+09 -1.07374e+09 -1.07374e+09 -1.07374e+09 -1.07374e+09 -1.07374e+09 -1.07374e+09 -1.07374e+09 -1.07374e+09 -1.07374e+09 -1.07374e+09 -1.07374e+09 -1.07374e+09
 -1.07374e+09 -1.07374e+09 -1.07374e+09 -1.07374e+09 -1.07374e+09 -1.07374e+09 -1.07374e+09 -1.07374e+09 -1.07374e+09 -1.07374e+09 -1.07374e+09 -1.07374e+09 -1.07374e+09 -1.07374e+09 -1.07374e+09 -1.07374e+09

Pure vertical resolution difference of zonal-mean 10-year mean lambda where notionally significant
 -1.07374e+09 -1.07374e+09 -1.07374e+09 -1.07374e+09 -1.07374e+09 -1.07374e+09 -1.07374e+09 -1.07374e+09 -1.07374e+09 -1.07374e+09 -1.07374e+09 -1.07374e+09     0.176380 -1.07374e+09 -1.07374e+09 -1.07374e+09
 -1.07374e+09 -1.07374e+09 -1.07374e+09 -1.07374e+09 -1.07374e+09 -1.07374e+09 -1.07374e+09 -1.07374e+09    -0.265839    -0.324694    -0.359933    -0.419765    -0.375721    -0.315121 -1.07374e+09    -0.186729
 -1.07374e+09 -1.07374e+09 -1.07374e+09     0.275762     0.316933     0.312057     0.336865     0.309397     0.227198     0.180559 -1.07374e+09 -1.07374e+09 -1.07374e+09 -1.07374e+09 -1.07374e+09 -1.07374e+09
 -1.07374e+09 -1.07374e+09 -1.07374e+09 -1.07374e+09 -1.07374e+09 -1.07374e+09 -1.07374e+09 -1.07374e+09 -1.07374e+09 -1.07374e+09 -1.07374e+09 -1.07374e+09 -1.07374e+09 -1.07374e+09 -1.07374e+09    -0.150541
    -0.152949    -0.157664    -0.193435    -0.240842    -0.272944    -0.274555    -0.244548    -0.224941    -0.224699    -0.219639    -0.190012    -0.198498    -0.208639 -1.07374e+09 -1.07374e+09 -1.07374e+09
 -1.07374e+09 -1.07374e+09 -1.07374e+09    -0.204009    -0.221548    -0.215250    -0.222346    -0.216795 -1.07374e+09 -1.07374e+09 -1.07374e+09 -1.07374e+09 -1.07374e+09 -1.07374e+09 -1.07374e+09 -1.07374e+09
 -1.07374e+09 -1.07374e+09 -1.07374e+09 -1.07374e+09 -1.07374e+09 -1.07374e+09 -1.07374e+09 -1.07374e+09 -1.07374e+09 -1.07374e+09 -1.07374e+09 -1.07374e+09 -1.07374e+09 -1.07374e+09 -1.07374e+09 -1.07374e+09
 -1.07374e+09 -1.07374e+09 -1.07374e+09 -1.07374e+09 -1.07374e+09 -1.07374e+09 -1.07374e+09 -1.07374e+09 -1.07374e+09 -1.07374e+09 -1.07374e+09 -1.07374e+09 -1.07374e+09 -1.07374e+09 -1.07374e+09 -1.07374e+09
 -1.07374e+09 -1.07374e+09 -1.07374e+09    -0.207553    -0.308887 -1.07374e+09 -1.07374e+09    -0.328455 -1.07374e+09 -1.07374e+09 -1.07374e+09 -1.07374e+09 -1.07374e+09 -1.07374e+09 -1.07374e+09 -1.07374e+09
Pure vertical resolution difference of zonal-mean 10-year mean clear-sky LW feedback where notionally significant
 -1.07374e+09 -1.07374e+09 -1.07374e+09 -1.07374e+09 -1.07374e+09 -1.07374e+09 -1.07374e+09 -1.07374e+09 -1.07374e+09 -1.07374e+09 -1.07374e+09 -1.07374e+09 -1.07374e+09     0.248068     0.245569     0.233744
     0.198525     0.175578     0.146376     0.107897 -1.07374e+09 -1.07374e+09 -1.07374e+09 -1.07374e+09 -1.07374e+09 -1.07374e+09 -1.07374e+09 -1.07374e+09 -1.07374e+09 -1.07374e+09 -1.07374e+09 -1.07374e+09
 -1.07374e+09 -1.07374e+09 -1.07374e+09 -1.07374e+09 -1.07374e+09 -1.07374e+09 -1.07374e+09 -1.07374e+09 -1.07374e+09 -1.07374e+09 -1.07374e+09 -1.07374e+09 -1.07374e+09 -1.07374e+09 -1.07374e+09 -1.07374e+09
 -1.07374e+09 -1.07374e+09 -1.07374e+09     0.167972     0.174152     0.177057 -1.07374e+09 -1.07374e+09 -1.07374e+09 -1.07374e+09 -1.07374e+09 -1.07374e+09 -1.07374e+09 -1.07374e+09 -1.07374e+09 -1.07374e+09
 -1.07374e+09 -1.07374e+09 -1.07374e+09 -1.07374e+09    -0.105417    -0.126439    -0.145440 -1.07374e+09 -1.07374e+09 -1.07374e+09 -1.07374e+09 -1.07374e+09 -1.07374e+09 -1.07374e+09 -1.07374e+09 -1.07374e+09
 -1.07374e+09 -1.07374e+09 -1.07374e+09 -1.07374e+09 -1.07374e+09 -1.07374e+09 -1.07374e+09 -1.07374e+09 -1.07374e+09 -1.07374e+09 -1.07374e+09 -1.07374e+09 -1.07374e+09 -1.07374e+09 -1.07374e+09 -1.07374e+09
 -1.07374e+09 -1.07374e+09 -1.07374e+09 -1.07374e+09 -1.07374e+09 -1.07374e+09 -1.07374e+09 -1.07374e+09 -1.07374e+09 -1.07374e+09 -1.07374e+09 -1.07374e+09 -1.07374e+09 -1.07374e+09 -1.07374e+09 -1.07374e+09
 -1.07374e+09 -1.07374e+09 -1.07374e+09 -1.07374e+09 -1.07374e+09 -1.07374e+09 -1.07374e+09 -1.07374e+09 -1.07374e+09 -1.07374e+09 -1.07374e+09     0.102119    0.0918558 -1.07374e+09 -1.07374e+09 -1.07374e+09
 -1.07374e+09 -1.07374e+09 -1.07374e+09 -1.07374e+09 -1.07374e+09 -1.07374e+09 -1.07374e+09 -1.07374e+09 -1.07374e+09 -1.07374e+09 -1.07374e+09 -1.07374e+09 -1.07374e+09 -1.07374e+09 -1.07374e+09 -1.07374e+09
Pure vertical resolution difference of zonal-mean 10-year mean clear-sky SW feedback where notionally significant
 -1.07374e+09 -1.07374e+09   -0.0606694 -1.07374e+09 -1.07374e+09 -1.07374e+09 -1.07374e+09 -1.07374e+09 -1.07374e+09 -1.07374e+09 -1.07374e+09 -1.07374e+09 -1.07374e+09   -0.0998206 -1.07374e+09 -1.07374e+09
 -1.07374e+09 -1.07374e+09 -1.07374e+09 -1.07374e+09 -1.07374e+09 -1.07374e+09   -0.0220543   -0.0287814 -1.07374e+09 -1.07374e+09 -1.07374e+09 -1.07374e+09 -1.07374e+09 -1.07374e+09 -1.07374e+09 -1.07374e+09
 -1.07374e+09 -1.07374e+09 -1.07374e+09 -1.07374e+09 -1.07374e+09 -1.07374e+09 -1.07374e+09 -1.07374e+09 -1.07374e+09 -1.07374e+09 -1.07374e+09 -1.07374e+09 -1.07374e+09 -1.07374e+09 -1.07374e+09 -1.07374e+09
    0.0185169    0.0202809    0.0222228    0.0241465    0.0271013 -1.07374e+09 -1.07374e+09 -1.07374e+09 -1.07374e+09 -1.07374e+09 -1.07374e+09 -1.07374e+09 -1.07374e+09 -1.07374e+09    0.0268709 -1.07374e+09
 -1.07374e+09 -1.07374e+09 -1.07374e+09 -1.07374e+09 -1.07374e+09 -1.07374e+09 -1.07374e+09 -1.07374e+09 -1.07374e+09 -1.07374e+09 -1.07374e+09 -1.07374e+09 -1.07374e+09 -1.07374e+09 -1.07374e+09 -1.07374e+09
 -1.07374e+09 -1.07374e+09 -1.07374e+09 -1.07374e+09 -1.07374e+09 -1.07374e+09 -1.07374e+09 -1.07374e+09 -1.07374e+09 -1.07374e+09 -1.07374e+09 -1.07374e+09 -1.07374e+09 -1.07374e+09 -1.07374e+09 -1.07374e+09
 -1.07374e+09 -1.07374e+09 -1.07374e+09 -1.07374e+09 -1.07374e+09 -1.07374e+09 -1.07374e+09 -1.07374e+09 -1.07374e+09 -1.07374e+09 -1.07374e+09 -1.07374e+09 -1.07374e+09 -1.07374e+09 -1.07374e+09 -1.07374e+09
 -1.07374e+09 -1.07374e+09 -1.07374e+09 -1.07374e+09 -1.07374e+09 -1.07374e+09 -1.07374e+09 -1.07374e+09 -1.07374e+09 -1.07374e+09 -1.07374e+09 -1.07374e+09 -1.07374e+09 -1.07374e+09 -1.07374e+09 -1.07374e+09
 -1.07374e+09 -1.07374e+09 -1.07374e+09 -1.07374e+09 -1.07374e+09 -1.07374e+09 -1.07374e+09 -1.07374e+09 -1.07374e+09 -1.07374e+09 -1.07374e+09 -1.07374e+09 -1.07374e+09 -1.07374e+09 -1.07374e+09 -1.07374e+09
Pure vertical resolution difference of zonal-mean 10-year mean LW cloud feedback where notionally significant
 -1.07374e+09 -1.07374e+09 -1.07374e+09 -1.07374e+09 -1.07374e+09 -1.07374e+09 -1.07374e+09 -1.07374e+09 -1.07374e+09 -1.07374e+09 -1.07374e+09 -1.07374e+09 -1.07374e+09 -1.07374e+09 -1.07374e+09 -1.07374e+09
 -1.07374e+09 -1.07374e+09 -1.07374e+09 -1.07374e+09     0.150327     0.158178     0.179257     0.188649     0.177905     0.147350     0.109057 -1.07374e+09 -1.07374e+09 -1.07374e+09 -1.07374e+09 -1.07374e+09
 -1.07374e+09 -1.07374e+09 -1.07374e+09 -1.07374e+09 -1.07374e+09 -1.07374e+09    -0.200883    -0.197292    -0.189613    -0.176257 -1.07374e+09 -1.07374e+09 -1.07374e+09 -1.07374e+09 -1.07374e+09 -1.07374e+09
 -1.07374e+09 -1.07374e+09 -1.07374e+09     0.131701     0.125738     0.110877 -1.07374e+09 -1.07374e+09 -1.07374e+09 -1.07374e+09 -1.07374e+09 -1.07374e+09 -1.07374e+09 -1.07374e+09 -1.07374e+09 -1.07374e+09
 -1.07374e+09 -1.07374e+09 -1.07374e+09 -1.07374e+09    -0.227053    -0.226582    -0.212405 -1.07374e+09 -1.07374e+09 -1.07374e+09 -1.07374e+09 -1.07374e+09 -1.07374e+09 -1.07374e+09 -1.07374e+09 -1.07374e+09
 -1.07374e+09 -1.07374e+09 -1.07374e+09 -1.07374e+09 -1.07374e+09 -1.07374e+09 -1.07374e+09 -1.07374e+09 -1.07374e+09 -1.07374e+09 -1.07374e+09 -1.07374e+09 -1.07374e+09 -1.07374e+09 -1.07374e+09 -1.07374e+09
 -1.07374e+09 -1.07374e+09 -1.07374e+09 -1.07374e+09 -1.07374e+09 -1.07374e+09 -1.07374e+09 -1.07374e+09 -1.07374e+09     0.116556     0.154331     0.171036     0.155654 -1.07374e+09    0.0965045 -1.07374e+09
 -1.07374e+09 -1.07374e+09 -1.07374e+09 -1.07374e+09 -1.07374e+09 -1.07374e+09 -1.07374e+09 -1.07374e+09 -1.07374e+09 -1.07374e+09 -1.07374e+09 -1.07374e+09 -1.07374e+09 -1.07374e+09 -1.07374e+09    -0.188974
    -0.177741 -1.07374e+09 -1.07374e+09 -1.07374e+09 -1.07374e+09 -1.07374e+09 -1.07374e+09 -1.07374e+09 -1.07374e+09 -1.07374e+09 -1.07374e+09 -1.07374e+09 -1.07374e+09 -1.07374e+09 -1.07374e+09 -1.07374e+09
Pure vertical resolution difference of zonal-mean 10-year mean SW cloud feedback where notionally significant
 -1.07374e+09 -1.07374e+09 -1.07374e+09 -1.07374e+09 -1.07374e+09 -1.07374e+09 -1.07374e+09 -1.07374e+09 -1.07374e+09 -1.07374e+09 -1.07374e+09 -1.07374e+09 -1.07374e+09 -1.07374e+09 -1.07374e+09   -0.0862577
    -0.152023    -0.200906    -0.301538    -0.359350    -0.385870    -0.364340    -0.339753    -0.356277    -0.408245    -0.423254    -0.410329    -0.434884    -0.357363    -0.261473 -1.07374e+09 -1.07374e+09
 -1.07374e+09     0.357403     0.490845     0.599988     0.637380     0.600856     0.598929     0.555042     0.445031     0.373725 -1.07374e+09 -1.07374e+09 -1.07374e+09 -1.07374e+09 -1.07374e+09 -1.07374e+09
 -1.07374e+09    -0.263151    -0.335887    -0.358159    -0.370212    -0.360806    -0.305578    -0.295267    -0.250453    -0.277186    -0.298292    -0.285216 -1.07374e+09 -1.07374e+09 -1.07374e+09 -1.07374e+09
 -1.07374e+09 -1.07374e+09 -1.07374e+09 -1.07374e+09 -1.07374e+09 -1.07374e+09 -1.07374e+09 -1.07374e+09 -1.07374e+09 -1.07374e+09 -1.07374e+09 -1.07374e+09 -1.07374e+09 -1.07374e+09 -1.07374e+09 -1.07374e+09
 -1.07374e+09 -1.07374e+09 -1.07374e+09 -1.07374e+09 -1.07374e+09 -1.07374e+09 -1.07374e+09 -1.07374e+09 -1.07374e+09 -1.07374e+09 -1.07374e+09 -1.07374e+09 -1.07374e+09 -1.07374e+09 -1.07374e+09 -1.07374e+09
 -1.07374e+09 -1.07374e+09 -1.07374e+09 -1.07374e+09 -1.07374e+09 -1.07374e+09 -1.07374e+09 -1.07374e+09 -1.07374e+09 -1.07374e+09 -1.07374e+09 -1.07374e+09 -1.07374e+09 -1.07374e+09 -1.07374e+09 -1.07374e+09
 -1.07374e+09 -1.07374e+09 -1.07374e+09 -1.07374e+09 -1.07374e+09 -1.07374e+09 -1.07374e+09 -1.07374e+09 -1.07374e+09 -1.07374e+09 -1.07374e+09 -1.07374e+09 -1.07374e+09 -1.07374e+09 -1.07374e+09 -1.07374e+09
 -1.07374e+09 -1.07374e+09 -1.07374e+09 -1.07374e+09 -1.07374e+09 -1.07374e+09 -1.07374e+09 -1.07374e+09    -0.156116 -1.07374e+09 -1.07374e+09 -1.07374e+09    -0.195507    -0.198195    -0.208585    -0.222260
Pure vertical resolution difference of zonal-mean 10-year mean net cloud feedback where notionally significant
 -1.07374e+09 -1.07374e+09 -1.07374e+09 -1.07374e+09 -1.07374e+09 -1.07374e+09 -1.07374e+09 -1.07374e+09 -1.07374e+09 -1.07374e+09 -1.07374e+09 -1.07374e+09 -1.07374e+09 -1.07374e+09 -1.07374e+09 -1.07374e+09
 -1.07374e+09 -1.07374e+09 -1.07374e+09    -0.242362    -0.235543 -1.07374e+09 -1.07374e+09 -1.07374e+09 -1.07374e+09    -0.275904    -0.301272    -0.351164    -0.307292    -0.246576    -0.197317 -1.07374e+09
 -1.07374e+09     0.183081 -1.07374e+09     0.374129     0.406875     0.389471     0.398046     0.357750     0.255418 -1.07374e+09 -1.07374e+09 -1.07374e+09 -1.07374e+09 -1.07374e+09 -1.07374e+09 -1.07374e+09
 -1.07374e+09    -0.170452    -0.215704    -0.226458    -0.244474    -0.249929    -0.223420    -0.244473    -0.218334    -0.235207    -0.247932    -0.259944    -0.251109    -0.225579    -0.221550    -0.202412
    -0.189093    -0.176773    -0.193646    -0.192138    -0.180919    -0.156377    -0.103047 -1.07374e+09 -1.07374e+09 -1.07374e+09 -1.07374e+09 -1.07374e+09    -0.202355    -0.223550    -0.198625    -0.169453
 -1.07374e+09    -0.126539    -0.104289    -0.142291 -1.07374e+09 -1.07374e+09 -1.07374e+09 -1.07374e+09 -1.07374e+09 -1.07374e+09 -1.07374e+09 -1.07374e+09 -1.07374e+09 -1.07374e+09 -1.07374e+09 -1.07374e+09
 -1.07374e+09 -1.07374e+09 -1.07374e+09 -1.07374e+09 -1.07374e+09 -1.07374e+09 -1.07374e+09 -1.07374e+09 -1.07374e+09 -1.07374e+09 -1.07374e+09 -1.07374e+09 -1.07374e+09 -1.07374e+09 -1.07374e+09 -1.07374e+09
 -1.07374e+09 -1.07374e+09 -1.07374e+09 -1.07374e+09 -1.07374e+09 -1.07374e+09 -1.07374e+09 -1.07374e+09 -1.07374e+09 -1.07374e+09 -1.07374e+09 -1.07374e+09 -1.07374e+09 -1.07374e+09 -1.07374e+09 -1.07374e+09
 -1.07374e+09 -1.07374e+09    -0.215154    -0.208071    -0.282691    -0.245129 -1.07374e+09    -0.225355    -0.222476 -1.07374e+09 -1.07374e+09 -1.07374e+09 -1.07374e+09    -0.192864 -1.07374e+09 -1.07374e+09